ENEMY BAKE REPORT
res://tools/build_enemies.gd - merged skinned shells, one per species.

species    parts bones surf   verts    inv  degen  worst sep (m) floating  poses result
rat           52    17    8    5460      0      0   -0.057959867        0    332 PASS
picker        55    17    9    5676      0      0   -0.070559859        0    332 PASS
gasman        69    17    9    8280      0      0   -0.078119831        0    332 PASS
marksman      69    18    7    6960      0      0   -0.057959828        0    332 PASS
latchdog      49    18    7    6372      0      0   -0.039299946        0    332 PASS
sentinel      49    17    7    5652      0      0   -0.067499711        0    332 PASS
wasp          37    10    5    3924      0      0   -0.049999880        0    332 PASS
foreman       65    19    6    9408      0      0   -0.121582905        0    332 PASS
husk          80    17    5   10032      0      0   -0.047879863        0    332 PASS
stilt         78    17    3    9648      0      0   -0.068039757        0    332 PASS
skitter       59    23    2    8964      0      0   -0.039153082        0    332 PASS
gorger        52    17    4    8076      0      0   -0.078119862        0    332 PASS

Worst separation is the negated minimum parent/child overlap over every
sampled pose. It must be <= 0: a positive number is an open joint.
`inv` counts primitives whose emitted shell encloses negative volume;
`floating` counts parent/child links with no overlap at all.

RAGDOLL BAKE  -> res://data/enemies/ragdolls/<id>.res
species     rigid  capsule mass (kg)       tier
rat            17       12     56.78    physics
picker         17       11    118.19    physics
gasman         17       12    137.54    physics
marksman       18       14     71.19    physics
latchdog       17       12     57.58    physics
sentinel       17       12    137.95    physics
wasp            2        1     12.24    physics
foreman        17       12   2898.59    physics
husk           17       12     40.50    physics
stilt          17       15     84.32    physics
skitter        17       13     39.34    physics
gorger         15        8    247.59    physics

188 rigid bodies over 12 species.
A death only reaches physics when it is inside EnemyBody.ragdoll_distance
of the camera AND RagdollBudget has a free slot; everything else collapses
on the seeded DeathPoser exactly as it did before.

PER-CLIP DETAIL (frames / floating / min overlap / min Y / max Y)

rat  height 1.5936 m
    idle        16      0    0.057959993   -0.000000047    1.595561409
    walk        40      0    0.057959877   -0.000000093    1.593901408
    run         40      0    0.057959876   -0.000000093    1.588601959
    aim         72      0    0.057959877    0.000000044    1.627912524
    attack      24      0    0.057959982   -0.000000054    2.057732197
    stagger     20      0    0.057959877   -0.000000135    1.589187761
    death#0     24      0    0.057959937   -0.231769212    1.622577756
    death#1     24      0    0.057959875   -0.273136965    1.616181237
    death#2     24      0    0.057959876   -0.251114962    1.625889547
    death#3     24      0    0.057959867   -0.281972065    1.632799860
    death#4     24      0    0.057959867   -0.240847541    1.640114957

picker  height 1.7456 m
    idle        16      0    0.070559992   -0.000000047    1.746550651
    walk        40      0    0.070559875   -0.000000066    1.743602158
    run         40      0    0.070559880   -0.000000043    1.738650008
    aim         72      0    0.070559876    0.000000044    1.780928383
    attack      24      0    0.070559985   -0.000000049    2.300127889
    stagger     20      0    0.070559880   -0.000000061    1.800058707
    death#0     24      0    0.070559873   -0.318999327    1.788463424
    death#1     24      0    0.070559940   -0.297424071    1.764260595
    death#2     24      0    0.070559859   -0.328742330    1.824135208
    death#3     24      0    0.070559877   -0.321579410    1.770242675
    death#4     24      0    0.070559877   -0.318616280    1.772573453

gasman  height 1.7749 m
    idle        16      0    0.078119992   -0.000000060    1.765558105
    walk        40      0    0.078119875   -0.000000092    1.757620316
    run         40      0    0.078119881   -0.000000042    1.747977715
    aim         72      0    0.078119871   -0.000000033    2.217775532
    attack      24      0    0.078119995   -0.000000008    1.768252950
    stagger     20      0    0.078119881   -0.000000060    1.765403728
    death#0     24      0    0.078119881   -0.195488524    1.783880685
    death#1     24      0    0.078119872   -0.179588620    1.791725378
    death#2     24      0    0.078119867   -0.201830580    1.777584176
    death#3     24      0    0.078119862   -0.192840510    1.786299925
    death#4     24      0    0.078119831   -0.191612457    1.786340331

marksman  height 1.8257 m
    idle        16      0    0.057959995    0.000000003    1.827952053
    walk        40      0    0.057959876   -0.000000088    1.826017742
    run         40      0    0.057959875   -0.000000093    1.834299695
    aim         72      0    0.057959880   -0.000000056    2.405283602
    attack      24      0    0.057959995    0.000000035    1.819994311
    stagger     20      0    0.057959970   -0.000000056    1.818977981
    death#0     24      0    0.057959863   -0.071477410    1.872288848
    death#1     24      0    0.057959867   -0.000000074    1.846967022
    death#2     24      0    0.057959867   -0.049371010    1.895600086
    death#3     24      0    0.057959874   -0.047896308    1.844145018
    death#4     24      0    0.057959828   -0.035846269    1.845220153

latchdog  height 0.8663 m
    idle        16      0    0.039300013   -0.000000021    0.863281906
    walk        40      0    0.039300006   -0.000000050    0.860827807
    run         40      0    0.039300006   -0.000000080    0.856053022
    aim         72      0    0.039300006   -0.000000028    0.908951905
    attack      24      0    0.039299983   -0.000000058    0.897631964
    stagger     20      0    0.039299983   -0.000000073    0.876209876
    death#0     24      0    0.039299969   -0.000000058    1.124137634
    death#1     24      0    0.039299991   -0.000000017    0.899519374
    death#2     24      0    0.039299976   -0.000000080    1.448517132
    death#3     24      0    0.039299946   -0.000000107    1.437433735
    death#4     24      0    0.039299961   -0.000000058    1.379939914

sentinel  height 2.1149 m
    idle        16      0    0.067499997   -0.000000033    2.105294736
    walk        40      0    0.067499955   -0.000000152    2.089503437
    run         40      0    0.067499955   -0.000000107    2.090553184
    aim         72      0    0.067499959   -0.000000048    2.608709172
    attack      24      0    0.067499997   -0.000000018    2.090371129
    stagger     20      0    0.067499933   -0.000000063    2.087436079
    death#0     24      0    0.067499711   -0.205442502    2.165501930
    death#1     24      0    0.067499842   -0.014537062    2.161106551
    death#2     24      0    0.067499922   -0.361369645    2.163071926
    death#3     24      0    0.067499868   -0.352399504    2.159055083
    death#4     24      0    0.067499808   -0.000000107    2.158065577

wasp  height 0.3636 m
    idle        16      0    0.050000000    0.656833194    1.142849593
    walk        40      0    0.049999938    0.667138509    1.233375060
    run         40      0    0.049999938    0.667138509    1.233375060
    aim         72      0    0.050000000    0.616069567    1.146404414
    attack      24      0    0.050000000    0.657631255    1.129417508
    stagger     20      0    0.049999880    0.717609410    1.159846903
    death#0     24      0    0.049999913   -0.000000022    1.280630711
    death#1     24      0    0.049999901   -0.000000032    1.183569906
    death#2     24      0    0.049999910   -0.000000037    1.249379615
    death#3     24      0    0.049999911   -0.000000050    1.330954911
    death#4     24      0    0.049999889   -0.000000045    1.298798536

foreman  height 2.6174 m
    idle        16      0    0.121583669   -0.000000069    2.640540073
    walk        40      0    0.123717716   -0.000000188    2.559242437
    run         40      0    0.123717976   -0.000000188    2.515296886
    aim         72      0    0.121582905   -0.000000218    2.736938665
    attack      24      0    0.123717716   -0.000000099    2.620406101
    stagger     20      0    0.123717716   -0.000000099    2.638365458
    death#0     24      0    0.123717580   -0.000000159    2.940379087
    death#1     24      0    0.123717671   -0.000000188    2.862167217
    death#2     24      0    0.123717699   -0.000000099    3.256114059
    death#3     24      0    0.123717490   -0.000000101    2.878019479
    death#4     24      0    0.123717467   -0.000000159    3.180018193

husk  height 1.5480 m
    idle        16      0    0.047879993   -0.000000034    1.549010829
    walk        40      0    0.047879877   -0.000000117    1.543224077
    run         40      0    0.047879877   -0.000000081    1.539528041
    aim         72      0    0.047879880    0.000000000    1.585999934
    attack      24      0    0.047879985   -0.000000063    1.950416356
    stagger     20      0    0.047879881   -0.000000063    1.545223034
    death#0     24      0    0.047879863   -0.120961546    1.575496321
    death#1     24      0    0.047879866   -0.117720067    1.571436172
    death#2     24      0    0.047879933   -0.117002129    1.583595392
    death#3     24      0    0.047879877   -0.120332091    1.582021098
    death#4     24      0    0.047879878   -0.117776535    1.576898650

stilt  height 2.7431 m
    idle        16      0    0.068039992   -0.000000173    2.744026796
    walk        40      0    0.068039955   -0.000000169    2.737260336
    run         40      0    0.068039760   -0.000000163    2.732970538
    aim         72      0    0.068039968   -0.000000055    2.755621582
    attack      24      0    0.068039981   -0.000000235    3.524356990
    stagger     20      0    0.068039761   -0.000000186    2.739174001
    death#0     24      0    0.068039762   -0.117124885    2.782555286
    death#1     24      0    0.068039789   -0.158207893    2.780857009
    death#2     24      0    0.068039827   -0.097858756    2.779754897
    death#3     24      0    0.068039762   -0.160053282    2.779470633
    death#4     24      0    0.068039757   -0.159931778    2.780561303

skitter  height 0.6073 m
    idle        16      0    0.039153137   -0.000000100    0.610260007
    walk        40      0    0.039153110   -0.000000123    0.605000017
    run         40      0    0.039153107   -0.000000100    0.622073808
    aim         72      0    0.039153130   -0.000000160    0.605000017
    attack      24      0    0.039153114   -0.000000130    0.612212715
    stagger     20      0    0.039153128   -0.000000100    0.605000017
    death#0     24      0    0.039153134   -0.000000027    1.067839743
    death#1     24      0    0.039153124   -0.000000098    1.166340528
    death#2     24      0    0.039153127   -0.000000044    1.008782373
    death#3     24      0    0.039153133   -0.000000026    1.009665368
    death#4     24      0    0.039153082   -0.000000056    1.012779412

gorger  height 1.5255 m
    idle        16      0    0.078119993   -0.000000012    1.519541850
    walk        40      0    0.078119874   -0.000000112    1.507850041
    run         40      0    0.078119876   -0.000000074    1.503818538
    aim         72      0    0.078119872   -0.000000001    1.522478452
    attack      24      0    0.078119985   -0.000000062    1.803993635
    stagger     20      0    0.078119880   -0.000000042    1.518669238
    death#0     24      0    0.078119867   -0.042029054    1.538763156
    death#1     24      0    0.078119872   -0.074757679    1.578299055
    death#2     24      0    0.078119881   -0.061474160    1.536517127
    death#3     24      0    0.078119862   -0.095715654    1.550244717
    death#4     24      0    0.078119863   -0.100828816    1.558531164

RESULT: PASS
